1:100

x<-1:100
x
x+3
